0.655,
0.923,
0.392,
1.148,
0.782,
0.378,
1.160,
0.688,
0.920,
0.981,
0.652,
0.735,
0.337,
1.152,
0.325,
1.117,
0.618,
0.537,
0.503,
1.126,
0.485,
0.610,
0.585,
1.154,
0.429,
0.907,
0.354,
0.781,
0.500,
0.362,
0.799,
0.555,
1.069,
0.339,
0.982,
0.400,
0.557,
0.464,
1.037,
0.976,
0.449,
1.130,
0.306,
0.417,
0.760,
0.774,
1.198,
0.931,
1.167,
0.815,
0.543,
0.955,
0.997,
0.431,
0.610,
0.426,
0.712,
0.660,
0.410,
0.644,
0.768,
0.849,
1.176,
0.435,
0.522,
0.453,
0.714,
0.673,
0.598,
0.634,
0.784,
1.155,
0.335,
0.973,
0.833,
1.131,
0.742,
0.347,
0.328,
0.722,
1.181,
0.936,
0.381,
1.001,
0.706,
0.325,
0.457,
0.523,
0.753,
0.568,
0.860,
0.814,
0.912,
0.507,
0.389,
0.945,
0.801,
1.119,
0.410,
0.459,
0.376,
1.094,
0.494,
0.647,
1.109,
